32
0 1032 1282 1294 1974 1189 1551 1057 1889 1387 1157 1821 1220 1411 1343 1775 1345 1172 1684 1391 1849 1563 1527 1899 1406 1840 1782 1966 1346 1375 1900 1069 
1032 0 2008 1784 1043 1670 1192 1355 1495 1656 1574 1904 1296 1518 1351 1828 1620 1439 1923 1479 1353 1714 1213 1116 1497 1226 1915 1138 1722 1086 1432 1313 
1282 2008 0 1903 1649 1469 1368 1414 2003 1991 1584 1780 1566 1857 1474 1564 1071 1170 1098 1695 1848 1470 1685 1824 1778 2035 1654 1426 1536 1740 1158 1939 
1294 1784 1903 0 1651 1808 1734 1428 1024 1973 1632 1266 1597 1408 1111 1869 1462 2048 1591 1934 1319 1725 1545 2036 1561 1054 1741 1659 1788 2017 1063 1859 
1974 1043 1649 1651 0 1365 1578 1543 1107 1605 1046 1303 1349 1984 1572 1766 2042 1307 2026 1914 1542 1221 1268 1388 1270 1435 1559 1398 1417 1989 1231 1386 
1189 1670 1469 1808 1365 0 1232 1091 1519 1756 1341 1838 1173 1166 1732 1194 1943 1676 1606 1119 1739 1937 1061 1630 1409 1128 1101 1314 1436 1883 1892 1109 
1551 1192 1368 1734 1578 1232 0 1205 1102 1461 1324 1280 1810 1556 1890 1156 1767 1234 1184 1893 2025 1144 1696 1555 1244 1034 1198 1617 1284 1395 1577 1623 
1057 1355 1414 1428 1543 1091 1205 0 1759 1114 1552 1106 1125 1126 1230 1691 1804 1171 1333 1531 1575 1137 1097 1791 1736 1940 1064 1292 1274 1332 1201 1356 
1889 1495 2003 1024 1107 1519 1102 1759 0 1549 1183 1262 1460 1628 1036 1124 1580 1692 1594 1407 1558 1773 1957 1635 1058 2019 1237 1971 2045 1949 1704 1329 
1387 1656 1991 1973 1605 1756 1461 1114 1549 0 1983 1445 1604 1180 1029 1871 1624 1342 1025 1037 1688 1206 1383 1348 1672 1305 1600 2041 1523 1587 2001 1384 
1157 1574 1584 1632 1046 1341 1324 1552 1183 1983 0 2007 1509 1490 1471 1529 1327 1534 1754 1742 1771 1278 1209 1393 1366 1321 1832 1631 1402 1090 1667 1517 
1821 1904 1780 1266 1303 1838 1280 1106 1262 1445 2007 0 1277 1065 1735 1499 1998 1374 1845 1798 1731 1803 1706 1879 1653 1602 1242 1708 1176 1187 1487 1753 
1220 1296 1566 1597 1349 1173 1810 1125 1460 1604 1509 1277 0 1372 1898 1864 1565 1297 1373 2018 1862 1526 1875 2031 1306 1442 1328 1557 1489 1298 1260 1028 
1411 1518 1857 1408 1984 1166 1556 1126 1628 1180 1490 1065 1372 0 1612 1174 1273 1160 1790 1643 1229 1476 1094 1073 1150 1950 1250 1994 1288 1443 1380 1562 
1343 1351 1474 1111 1572 1732 1890 1230 1036 1029 1471 1735 1898 1612 0 1997 1751 1132 1291 1919 1547 1986 1488 1148 1733 1056 1719 1141 1403 1757 1521 1431 
1775 1828 1564 1869 1766 1194 1156 1691 1124 1871 1529 1499 1864 1174 1997 0 2009 1218 1993 1467 1927 1135 1768 1907 1694 1700 1154 1698 1801 1512 1089 1511 
1345 1620 1071 1462 2042 1943 1767 1804 1580 1624 1327 1998 1565 1273 1751 2009 0 1245 1142 1995 1076 1466 1204 1215 1573 1902 1827 1186 1627 1410 1880 1918 
1172 1439 1170 2048 1307 1676 1234 1171 1692 1342 1534 1374 1297 1160 1132 1218 1245 0 1185 1870 1941 1361 1394 1074 1730 1853 1661 1450 1400 1920 1193 2023 
1684 1923 1098 1591 2026 1606 1184 1333 1594 1025 1754 1845 1373 1790 1291 1993 1142 1185 0 2044 1136 1196 1033 1712 1404 1867 1595 1279 1976 1779 2016 1634 
1391 1479 1695 1934 1914 1119 1893 1531 1407 1037 1742 1798 2018 1643 1919 1467 1995 1870 2044 0 1081 1077 1285 1352 1826 1493 1168 1774 1703 1701 1642 2024 
1849 1353 1848 1319 1542 1739 2025 1575 1558 1688 1771 1731 1862 1229 1547 1927 1076 1941 1136 1081 0 1123 1302 1913 1362 1878 1699 1256 1454 1945 1683 1596 
1563 1714 1470 1725 1221 1937 1144 1137 1773 1206 1278 1803 1526 1476 1986 1135 1466 1361 1196 1077 1123 0 1588 1910 1592 1872 1475 1293 1440 1238 1641 1908 
1527 1213 1685 1545 1268 1061 1696 1097 1957 1383 1209 1706 1875 1094 1488 1768 1204 1394 1033 1285 1302 1588 0 2014 1027 1255 1765 1999 1416 1200 1673 1434 
1899 1116 1824 2036 1388 1630 1555 1791 1635 1348 1393 1879 2031 1073 1148 1907 1215 1074 1712 1352 1913 1910 2014 0 1399 1906 1338 1975 1682 1660 1626 1772 
1406 1497 1778 1561 1270 1409 1244 1736 1058 1672 1366 1653 1306 1150 1733 1694 1573 1730 1404 1826 1362 1592 1027 1399 0 1505 2005 1829 1152 1264 1922 1330 
1840 1226 2035 1054 1435 1128 1034 1940 2019 1305 1321 1602 1442 1950 1056 1700 1902 1853 1867 1493 1878 1872 1255 1906 1505 0 1055 1611 1030 1448 1382 1397 
1782 1915 1654 1741 1559 1101 1198 1064 1237 1600 1832 1242 1328 1250 1719 1154 1827 1661 1595 1168 1699 1475 1765 1338 2005 1055 0 1805 1203 1929 1438 1083 
1966 1138 1426 1659 1398 1314 1617 1292 1971 2041 1631 1708 1557 1994 1141 1698 1186 1450 1279 1774 1256 1293 1999 1975 1829 1611 1805 0 1370 1528 1376 1169 
1346 1722 1536 1788 1417 1436 1284 1274 2045 1523 1402 1176 1489 1288 1403 1801 1627 1400 1976 1703 1454 1440 1416 1682 1152 1030 1203 1370 0 1075 1508 1259 
1375 1086 1740 2017 1989 1883 1395 1332 1949 1587 1090 1187 1298 1443 1757 1512 1410 1920 1779 1701 1945 1238 1200 1660 1264 1448 1929 1528 1075 0 1502 1491 
1900 1432 1158 1063 1231 1892 1577 1201 1704 2001 1667 1487 1260 1380 1521 1089 1880 1193 2016 1642 1683 1641 1673 1626 1922 1382 1438 1376 1508 1502 0 2043 
1069 1313 1939 1859 1386 1109 1623 1356 1329 1384 1517 1753 1028 1562 1431 1511 1918 2023 1634 2024 1596 1908 1434 1772 1330 1397 1083 1169 1259 1491 2043 0 
