32
0 1638 1158 1885 1625 1931 2008 1630 1225 1991 1872 1688 2004 1075 1251 1747 1578 1618 1533 1494 1338 1532 1309 1624 1190 1248 1978 1311 1791 1807 1748 2029 
1638 0 1350 1522 1240 1088 1385 1979 1119 1759 1509 1572 1238 1065 1393 1481 1332 1666 1588 1334 1563 1051 1687 1623 1256 1817 1413 1792 1857 1834 1967 1658 
1158 1350 0 1864 1802 1501 1411 1722 1236 1768 1428 1310 1716 1234 2003 1734 1247 1709 1681 1811 1362 1903 1971 1679 1341 1974 1172 1985 1208 2036 1916 2005 
1885 1522 1864 0 1063 1050 1070 1943 1994 1154 1723 2011 1441 1955 1913 1126 1519 1830 1275 1819 1738 1365 1736 1708 1449 1546 1205 1298 1264 1706 1812 1776 
1625 1240 1802 1063 0 1474 1806 2041 1431 1517 1663 1255 1288 1598 1272 1185 1047 1801 1472 1784 1599 1446 1106 1451 1396 1368 2027 1707 1937 1467 1500 1731 
1931 1088 1501 1050 1474 0 1771 1064 1977 1981 1295 1103 1859 1444 1137 1216 1997 1363 1867 1461 1049 1627 1516 2031 1972 1239 1595 1602 1873 1549 1680 1879 
2008 1385 1411 1070 1806 1771 0 1315 1901 1040 1277 1465 1529 1637 1287 1728 1257 1360 1254 1851 1122 1078 1828 1169 1758 1993 1085 1117 1825 1159 1312 1305 
1630 1979 1722 1943 2041 1064 1315 0 1739 1167 1489 1774 1229 1276 1228 1844 1458 1829 1886 1909 1260 1182 1779 1142 1401 1924 1492 1410 1652 1763 1988 1374 
1225 1119 1236 1994 1431 1977 1901 1739 0 1996 1330 1476 1920 1932 1422 1670 1118 1583 1853 1400 1908 1573 1220 1525 1237 1133 1528 1473 1378 1905 1176 1995 
1991 1759 1768 1154 1517 1981 1040 1167 1996 0 1116 1701 1351 1581 1036 1796 1039 1615 1683 1954 1076 1339 1891 1520 1764 1104 1537 1584 1253 1755 1649 1786 
1872 1509 1428 1723 1663 1295 1277 1489 1330 1116 0 1230 1266 1477 1151 1609 1307 1168 1150 1241 1296 1870 1876 1478 1795 1274 1660 1206 1965 1576 1505 1998 
1688 1572 1310 2011 1255 1103 1465 1774 1476 1701 1230 0 1847 1895 1589 1914 1711 1140 1989 1856 1535 1498 1586 1097 1733 1749 1662 1267 1889 1463 1762 1212 
2004 1238 1716 1441 1288 1859 1529 1229 1920 1351 1266 1847 0 1750 1940 1577 1923 1836 1935 1484 1322 1157 1655 1957 1765 1650 1155 1286 1057 1455 1805 1369 
1075 1065 1234 1955 1598 1444 1637 1276 1932 1581 1477 1895 1750 0 1316 1153 1838 1892 2014 1132 1233 1445 1080 1702 1936 1944 1127 1456 1868 1223 1490 1471 
1251 1393 2003 1913 1272 1137 1287 1228 1422 1036 1151 1589 1940 1316 0 1531 1927 1628 1502 1717 1329 1187 1355 1855 1194 2006 1990 1780 1524 1984 1497 1087 
1747 1481 1734 1126 1185 1216 1728 1844 1670 1796 1609 1914 1577 1153 1531 0 2039 1510 1160 2023 1727 1592 1611 1061 1761 1561 1721 1269 1290 1165 1349 1793 
1578 1332 1247 1519 1047 1997 1257 1458 1118 1039 1307 1711 1923 1838 1927 2039 0 1259 1066 1245 1031 1164 1622 1144 1145 1735 1470 1491 1227 1284 1099 1917 
1618 1666 1709 1830 1801 1363 1360 1829 1583 1615 1168 1140 1836 1892 1628 1510 1259 0 1899 1135 1515 1822 1055 1218 1669 1381 1575 1386 1335 1246 2019 1861 
1533 1588 1681 1275 1472 1867 1254 1886 1853 1683 1150 1989 1935 2014 1502 1160 1066 1899 0 1423 1479 1718 1938 1803 1149 1777 1526 1331 1948 1037 1846 1072 
1494 1334 1811 1819 1784 1461 1851 1909 1400 1954 1241 1856 1484 1132 1717 2023 1245 1135 1423 0 1115 1324 1587 2042 1071 1976 2043 1242 1635 1302 1772 1675 
1338 1563 1362 1738 1599 1049 1122 1260 1908 1076 1296 1535 1322 1233 1329 1727 1031 1515 1479 1115 0 1469 1664 1550 1035 1773 1173 1244 1221 1101 1207 1547 
1532 1051 1903 1365 1446 1627 1078 1182 1573 1339 1870 1498 1157 1445 1187 1592 1164 1822 1718 1324 1469 0 1564 1056 1781 1131 1629 1345 1880 1603 1060 1863 
1309 1687 1971 1736 1106 1516 1828 1779 1220 1891 1876 1586 1655 1080 1355 1611 1622 1055 1938 1587 1664 1564 0 1987 1279 1068 1958 1421 1389 1962 1270 2009 
1624 1623 1679 1708 1451 2031 1169 1142 1525 1520 1478 1097 1957 1702 1855 1061 1144 1218 1803 2042 1550 1056 1987 0 1067 1024 1897 1294 1787 1911 1111 1148 
1190 1256 1341 1449 1396 1972 1758 1401 1237 1764 1795 1733 1765 1936 1194 1761 1145 1669 1149 1071 1035 1781 1279 1067 0 1346 1143 1357 1100 1439 1325 1252 
1248 1817 1974 1546 1368 1239 1993 1924 1133 1104 1274 1749 1650 1944 2006 1561 1735 1381 1777 1976 1773 1131 1068 1024 1346 0 1775 1512 1699 1511 1189 1677 
1978 1413 1172 1205 2027 1595 1085 1492 1528 1537 1660 1662 1155 1127 1990 1721 1470 1575 1526 2043 1173 1629 1958 1897 1143 1775 0 1883 1697 1392 1877 1556 
1311 1792 1985 1298 1707 1602 1117 1410 1473 1584 1206 1267 1286 1456 1780 1269 1491 1386 1331 1242 1244 1345 1421 1294 1357 1512 1883 0 1320 1797 1659 1601 
1791 1857 1208 1264 1937 1873 1825 1652 1378 1253 1965 1889 1057 1868 1524 1290 1227 1335 1948 1635 1221 1880 1389 1787 1100 1699 1697 1320 0 1226 1224 1632 
1807 1834 2036 1706 1467 1549 1159 1763 1905 1755 1576 1463 1455 1223 1984 1165 1284 1246 1037 1302 1101 1603 1962 1911 1439 1511 1392 1797 1226 0 1222 1210 
1748 1967 1916 1812 1500 1680 1312 1988 1176 1649 1505 1762 1805 1490 1497 1349 1099 2019 1846 1772 1207 1060 1270 1111 1325 1189 1877 1659 1224 1222 0 1969 
2029 1658 2005 1776 1731 1879 1305 1374 1995 1786 1998 1212 1369 1471 1087 1793 1917 1861 1072 1675 1547 1863 2009 1148 1252 1677 1556 1601 1632 1210 1969 0 
