26
0 1316 1182 1163 1340 963 1147 1265 1069 1037 1244 912 740 732 876 833 692 694 1145 1311 868 890 1263 1290 1229 905 
1316 0 974 840 1267 1089 1224 1195 1029 851 723 782 1253 862 893 812 768 1095 1336 1190 860 697 1349 1258 811 1129 
1182 974 0 933 994 1113 745 1287 748 1136 786 896 710 764 1303 1114 1223 1015 861 707 1243 802 916 1068 895 998 
1163 840 933 0 1023 941 769 750 807 934 925 1234 749 1009 1155 1325 700 781 706 1104 1337 1189 728 1101 1153 1252 
1340 1267 994 1023 0 915 1334 947 1324 923 1040 1063 1119 1272 922 795 1098 944 785 1227 783 978 714 1031 938 1157 
963 1089 1113 941 915 0 898 931 1295 699 1146 838 1285 821 1170 1053 765 1181 801 1152 1047 887 819 1202 693 1107 
1147 1224 745 769 1334 898 0 927 1051 972 1002 1135 1292 1304 1064 1312 1203 989 971 1150 1106 1184 827 1174 1041 1283 
1265 1195 1287 750 947 931 927 0 680 1213 902 1109 803 1331 1232 980 1067 884 722 1301 869 842 865 731 1245 1168 
1069 1029 748 807 1324 1295 1051 680 0 1199 1061 1350 965 909 1115 737 1010 1148 824 937 1310 1007 960 1198 711 713 
1037 851 1136 934 923 699 972 1213 1199 0 1158 771 709 1017 1166 954 950 1035 814 1072 1206 784 1293 880 1275 1126 
1244 723 786 925 1040 1146 1002 902 1061 1158 0 973 701 1093 942 1149 1289 805 691 900 695 841 744 676 1032 730 
912 782 896 1234 1063 838 1135 1109 1350 771 973 0 1208 1108 678 1306 1313 772 888 879 1066 1077 1083 766 1024 794 
740 1253 710 749 1119 1285 1292 803 965 709 701 1208 0 1111 1160 1257 685 1177 1330 1338 872 1137 932 1154 1132 1294 
732 862 764 1009 1272 821 1304 1331 909 1017 1093 1108 1111 0 949 968 1025 1300 776 1186 1092 993 739 1156 948 1081 
876 893 1303 1155 922 1170 1064 1232 1115 1166 942 678 1160 949 0 836 746 1131 1020 726 760 1281 897 1280 1291 1094 
833 812 1114 1325 795 1053 1312 980 737 954 1149 1306 1257 968 836 0 866 848 1219 1259 1124 1302 1241 970 953 1187 
692 768 1223 700 1098 765 1203 1067 1010 950 1289 1313 685 1025 746 866 0 767 1042 1116 1326 698 825 1248 987 761 
694 1095 1015 781 944 1181 989 884 1148 1035 805 772 1177 1300 1131 848 767 0 733 889 930 976 1084 1271 867 1305 
1145 1336 861 706 785 801 971 722 824 814 691 888 1330 776 1020 1219 1042 733 0 681 829 919 875 690 914 901 
1311 1190 707 1104 1227 1152 1150 1301 937 1072 900 879 1338 1186 726 1259 1116 889 681 0 1347 1183 996 1209 844 1016 
868 860 1243 1337 783 1047 1106 869 1310 1206 695 1066 872 1092 760 1124 1326 930 829 1347 0 1210 917 721 1087 1127 
890 697 802 1189 978 887 1184 842 1007 784 841 1077 1137 993 1281 1302 698 976 919 1183 1210 0 935 1284 718 1039 
1263 1349 916 728 714 819 827 865 960 1293 744 1083 932 739 897 1241 825 1084 875 996 917 935 0 845 1345 1279 
1290 1258 1068 1101 1031 1202 1174 731 1198 880 676 766 1154 1156 1280 970 1248 1271 690 1209 721 1284 845 0 1339 877 
1229 811 895 1153 938 693 1041 1245 711 1275 1032 1024 1132 948 1291 953 987 867 914 844 1087 718 1345 1339 0 808 
905 1129 998 1252 1157 1107 1283 1168 713 1126 730 794 1294 1081 1094 1187 761 1305 901 1016 1127 1039 1279 877 808 0 
