26
8
0 5890 1963 4453 1605 2698 1756 7435 5458 7348 2681 3115 3682 4942 1635 3320 6416 3243 2813 3525 6382 3394 4385 4701 2678 5650
5890 0 6707 2247 6349 7442 4366 3259 10202 3172 7425 7859 3192 9686 4729 8064 2240 2973 4017 8269 2206 8138 9129 1805 7422 10394
1963 6707 0 5270 800 901 2573 8252 3661 8165 884 1318 4499 3145 2452 1523 7233 4060 3630 1728 7199 1597 2588 5518 881 3853
4453 2247 5270 0 4912 6005 2929 3792 8765 3705 5988 6422 1755 8249 3292 6627 2773 1536 2580 6832 2739 6701 7692 1058 5985 8957
1605 6349 800 4912 0 1535 2215 7894 4295 7807 1518 1952 4141 3779 2094 2157 6875 3702 3272 2362 6841 2231 3222 5160 1515 4487
2698 7442 901 6005 1535 0 3308 8987 3682 8900 905 1339 5234 3166 3187 1544 7968 4795 4365 1749 7934 1618 2609 6253 902 3874
1756 4366 2573 2929 2215 3308 0 5911 6068 5824 3291 3725 2158 5552 595 3930 4892 1719 1289 4135 4858 4004 4995 3177 3288 6260
7435 3259 8252 3792 7894 8987 5911 0 11747 751 8970 9404 4737 11231 6274 9609 1805 4518 5562 9814 1949 9683 10674 3350 8967 11939
5458 10202 3661 8765 4295 3682 6068 11747 0 11660 3159 2577 7994 1312 5947 2280 10728 7555 7125 3621 10694 2672 1861 9013 2950 1408
7348 3172 8165 3705 7807 8900 5824 751 11660 0 8883 9317 4650 11144 6187 9522 1718 4431 5475 9727 1862 9596 10587 3263 8880 11852
2681 7425 884 5988 1518 905 3291 8970 3159 8883 0 816 5217 2643 3170 1021 7951 4778 4348 1226 7917 1095 2086 6236 379 3351
3115 7859 1318 6422 1952 1339 3725 9404 2577 9317 816 0 5651 2061 3604 439 8385 5212 4782 1278 8351 513 1504 6670 607 2769
3682 3192 4499 1755 4141 5234 2158 4737 7994 4650 5217 5651 0 7478 2521 5856 3718 765 1809 6061 3684 5930 6921 2003 5214 8186
4942 9686 3145 8249 3779 3166 5552 11231 1312 11144 2643 2061 7478 0 5431 1764 10212 7039 6609 3105 10178 2156 1345 8497 2434 1504
1635 4729 2452 3292 2094 3187 595 6274 5947 6187 3170 3604 2521 5431 0 3809 5255 2082 1652 4014 5221 3883 4874 3540 3167 6139
3320 8064 1523 6627 2157 1544 3930 9609 2280 9522 1021 439 5856 1764 3809 0 8590 5417 4987 1483 8556 534 1207 6875 812 2472
6416 2240 7233 2773 6875 7968 4892 1805 10728 1718 7951 8385 3718 10212 5255 8590 0 3499 4543 8795 930 8664 9655 2331 7948 10920
3243 2973 4060 1536 3702 4795 1719 4518 7555 4431 4778 5212 765 7039 2082 5417 3499 0 1370 5622 3465 5491 6482 1784 4775 7747
2813 4017 3630 2580 3272 4365 1289 5562 7125 5475 4348 4782 1809 6609 1652 4987 4543 1370 0 5192 4509 5061 6052 2828 4345 7317
3525 8269 1728 6832 2362 1749 4135 9814 3621 9727 1226 1278 6061 3105 4014 1483 8795 5622 5192 0 8761 1557 2548 7080 1017 3813
6382 2206 7199 2739 6841 7934 4858 1949 10694 1862 7917 8351 3684 10178 5221 8556 930 3465 4509 8761 0 8630 9621 2297 7914 10886
3394 8138 1597 6701 2231 1618 4004 9683 2672 9596 1095 513 5930 2156 3883 534 8664 5491 5061 1557 8630 0 1599 6949 886 2864
4385 9129 2588 7692 3222 2609 4995 10674 1861 10587 2086 1504 6921 1345 4874 1207 9655 6482 6052 2548 9621 1599 0 7940 1877 2053
4701 1805 5518 1058 5160 6253 3177 3350 9013 3263 6236 6670 2003 8497 3540 6875 2331 1784 2828 7080 2297 6949 7940 0 6233 9205
2678 7422 881 5985 1515 902 3288 8967 2950 8880 379 607 5214 2434 3167 812 7948 4775 4345 1017 7914 886 1877 6233 0 3142
5650 10394 3853 8957 4487 3874 6260 11939 1408 11852 3351 2769 8186 1504 6139 2472 10920 7747 7317 3813 10886 2864 2053 9205 3142 0
