22
0 3896 6493 4911 8743 4708 2924 4307 2424 7717 2561 2560 3199 8506 2591 2369 8487 4457 7576 6175 5608 1637
3896 0 4399 2817 6649 2614 1176 2213 4902 5623 2603 5038 5677 6412 2947 4847 6393 2363 5482 4081 3514 3093
6493 4399 0 2028 3056 3715 3773 2604 7499 2030 5200 7635 8274 2819 5544 7444 2800 3006 1889 1418 1315 5690
4911 2817 2028 0 4278 2133 2191 1022 5917 3252 3618 6053 6692 4041 3962 5862 4022 1424 3111 1710 1143 4108
8743 6649 3056 4278 0 5965 6023 4854 9749 2924 7450 9885 10524 1379 7794 9694 1812 5256 3031 3668 3565 7940
4708 2614 3715 2133 5965 0 1988 1529 5714 4939 3415 5850 6489 5728 3759 5659 5709 1679 4798 3397 2830 3905
2924 1176 3773 2191 6023 1988 0 1587 3930 4997 1631 4066 4705 5786 1975 3875 5767 1737 4856 3455 2888 2121
4307 2213 2604 1022 4854 1529 1587 0 5313 3828 3014 5449 6088 4617 3358 5258 4598 820 3687 2286 1719 3504
2424 4902 7499 5917 9749 5714 3930 5313 0 8723 3567 1438 2077 9512 3597 1797 9493 5463 8582 7181 6614 2643
7717 5623 2030 3252 2924 4939 4997 3828 8723 0 6424 8859 9498 2687 6768 8668 2668 4230 2005 2642 2539 6914
2561 2603 5200 3618 7450 3415 1631 3014 3567 6424 0 3703 4342 7213 1612 3512 7194 3164 6283 4882 4315 1758
2560 5038 7635 6053 9885 5850 4066 5449 1438 8859 3703 0 905 9648 3733 1933 9629 5599 8718 7317 6750 2779
3199 5677 8274 6692 10524 6489 4705 6088 2077 9498 4342 905 0 10287 4372 2572 10268 6238 9357 7956 7389 3418
8506 6412 2819 4041 1379 5728 5786 4617 9512 2687 7213 9648 10287 0 7557 9457 1575 5019 2794 3431 3328 7703
2591 2947 5544 3962 7794 3759 1975 3358 3597 6768 1612 3733 4372 7557 0 3542 7538 3508 6627 5226 4659 1788
2369 4847 7444 5862 9694 5659 3875 5258 1797 8668 3512 1933 2572 9457 3542 0 9438 5408 8527 7126 6559 2588
8487 6393 2800 4022 1812 5709 5767 4598 9493 2668 7194 9629 10268 1575 7538 9438 0 5000 2775 3412 3309 7684
4457 2363 3006 1424 5256 1679 1737 820 5463 4230 3164 5599 6238 5019 3508 5408 5000 0 4089 2688 2121 3654
7576 5482 1889 3111 3031 4798 4856 3687 8582 2005 6283 8718 9357 2794 6627 8527 2775 4089 0 2501 2398 6773
6175 4081 1418 1710 3668 3397 3455 2286 7181 2642 4882 7317 7956 3431 5226 7126 3412 2688 2501 0 997 5372
5608 3514 1315 1143 3565 2830 2888 1719 6614 2539 4315 6750 7389 3328 4659 6559 3309 2121 2398 997 0 4805
1637 3093 5690 4108 7940 3905 2121 3504 2643 6914 1758 2779 3418 7703 1788 2588 7684 3654 6773 5372 4805 0
